0000000000000000000000000000000000000000000000000000000000000000000000000022000000000000000000
0000000000000000000000000000000000000000000000000000000000000000000000000000000000000022000000
0000000000000000000000000000000000000000000000000000000000000000002200000000000000000000000000
0000000000000000000000000000000000000000000000000200000000000000000000000000000022000000000000
0000000000000000000000000000000000000000000000000000000022200000000000000000000000000000002200
0000000000000000000002222220000000000000000000000000000000000000000000000000000000000000000000
0000000000000000000000000000000000000000000022000000000000000000000000000000000000000000000000
0000000000000000200000000000000000000000000000000000000000000000000000000000000000000000000002
0000000002200000000000000000000000000000000000000000000000000000000000000000000000000000000001
0000000000000000000000000000000000000000000000000000000000000002000200200000000000000000200001
0000000000000000000000000000000000000022000000000000000000200001000100100000000000000000100001
0000222000002200002000000000000000000000000000000000000000100001000100100000000000200000100001
0000000000000000000000000000022200020000000000000000000000100001000100100002000000100000100001
00000000000000000000000200000000000000000000000000000020222222022202202202222220222200002000202222222222222222222222
000000000000000000000000000000000000000000000000000000
000000000000000000000000000000000000000000000000000000
00000000000000000000000000000000000000000000000000220002
000000000000000000000000000000000000000000000000000000
000000000000000000000000000000000000000000000002200000000000002
0000000000000000111200000000000000000000000000000000000000000000002002
0000000000000000000000000000000000000000000220
000000022200000000000000000000000000000000
000000000000000000000000000000000000000220
22000000000000000000000002200000000000000
1122222222222220000000022112220000222
111111111111111110000001111100
111111111111111111100000110000
111111111111111111100000100000
111111111111111111100000100000
111111111111111111100000000000